1172
6.223263 9.063953 6.263206 9.134005 6.369801 9.411245
6.369801 9.411245 6.263206 9.134005 6.290567 9.180931
6.369801 9.411245 6.290567 9.180931 6.312467 9.222442
6.312467 9.222442 6.343068 9.276189 6.369801 9.411245
6.343068 9.276189 6.372520 9.334708 6.369801 9.411245
6.995277 9.381306 6.821053 9.268784 6.934791 9.075811
6.506203 6.597570 6.362930 6.466056 6.430498 6.327088
6.413343 7.058841 6.350266 6.939039 6.467923 6.990946
6.339708 6.645292 6.288964 6.535812 6.375050 6.563321
6.465233 9.396505 6.399729 9.371914 6.421829 9.344952
5.421834 4.406492 5.280130 4.276035 5.478321 4.273878
4.455087 5.840679 4.356281 5.582323 4.650423 5.597683
6.373960 9.247405 6.343068 9.276189 6.342729 9.231172
6.442348 9.305631 6.483138 9.333063 6.421829 9.344952
6.443519 6.147951 6.415927 6.036405 6.544295 6.050994
6.843483 7.225278 6.839851 7.162612 6.905838 7.193825
5.478321 4.273878 5.280130 4.276035 5.351709 4.143179
4.284955 6.117304 4.576061 6.117716 4.422583 6.543606
4.750688 3.970324 4.844522 4.060454 4.683265 4.123576
6.542594 9.179211 6.470550 9.205103 6.474750 9.135458
5.376354 7.339865 5.633720 7.308656 5.635748 7.586643
7.029594 7.864784 6.868703 7.867136 6.924688 7.782820
6.536040 7.074655 6.590793 7.108950 6.563925 7.170531
6.483365 5.645343 6.453210 5.714516 6.416965 5.605138
2.758173 5.492441 2.793216 5.388294 2.863040 5.529209
6.470550 9.205103 6.413437 9.170906 6.474750 9.135458
4.437790 3.851383 4.431899 3.957421 4.247004 3.937048
6.588353 8.424848 6.683651 8.518912 6.512871 8.603105
6.300463 9.036570 6.309824 9.102637 6.269575 9.080681
6.366315 9.182479 6.331666 9.159700 6.368564 9.141675
4.086012 6.331503 4.284955 6.117304 4.422583 6.543606
2.471823 5.292845 2.570379 5.205271 2.572887 5.317439
6.413437 9.170906 6.368564 9.141675 6.411198 9.106212
6.413437 9.170906 6.366315 9.182479 6.368564 9.141675
2.667625 5.442375 2.716811 5.418341 2.758173 5.492441
6.310622 9.176975 6.290567 9.180931 6.303019 9.151760
5.547467 4.155819 5.478321 4.273878 5.351709 4.143179
2.572887 5.317439 2.682846 5.223822 2.696172 5.344926
4.683265 4.123576 4.631029 4.005598 4.750688 3.970324
6.364659 6.736189 6.351923 6.821331 6.283110 6.732982
6.953121 8.210247 6.802970 8.208936 6.861430 8.032677
6.365922 5.066559 6.351911 4.986871 6.439819 4.993400
6.119020 6.869398 6.215268 6.977484 6.066267 7.045320
6.304978 8.504597 6.356110 8.694562 6.114244 8.763085
3.779741 4.996250 3.745437 5.232305 3.558996 5.036284
6.119462 6.248586 5.983610 6.192878 6.120989 6.084229
6.878674 8.579033 6.769304 8.595678 6.770477 8.454824
6.470550 9.205103 6.418864 9.229322 6.413437 9.170906
6.800277 8.670349 6.769304 8.595678 6.859346 8.639556
6.332762 9.196816 6.310622 9.176975 6.331666 9.159700
6.119462 6.248586 6.120989 6.084229 6.230218 6.178516
6.215268 6.977484 6.216721 7.118530 6.066267 7.045320
5.755077 4.207750 5.675355 4.159787 5.830433 4.109450
5.745437 5.251323 5.734432 5.089036 5.873639 5.177719
6.572926 5.506904 6.518387 5.539428 6.498826 5.469828
6.615329 9.384341 6.680187 9.303078 6.746576 9.382037
6.141474 7.894767 6.079897 7.695623 6.265371 7.673322
6.286590 9.143306 6.263206 9.134005 6.279417 9.122725
6.839851 7.162612 6.815995 7.123719 6.876747 7.088963
6.265371 7.673322 6.344448 7.820537 6.141474 7.894767
6.263206 9.134005 6.259753 9.106562 6.279417 9.122725
6.290567 9.180931 6.286590 9.143306 6.303019 9.151760
4.320801 4.269011 4.513691 4.417811 4.351187 4.538447
6.416965 5.605138 6.453210 5.714516 6.357159 5.670232
5.710416 7.773246 5.920989 7.789089 5.845025 8.103192
5.979635 8.433139 6.304978 8.504597 6.114244 8.763085
3.745437 5.232305 3.521448 5.238873 3.558996 5.036284
6.342111 5.555702 6.379639 5.479019 6.437660 5.525436
5.251911 4.454576 5.234677 4.621746 5.056716 4.490139
5.056716 4.490139 5.234677 4.621746 5.064788 4.699929
6.310622 9.176975 6.303019 9.151760 6.331666 9.159700
6.523465 9.304754 6.486529 9.294958 6.522620 9.251977
6.683886 7.214865 6.663940 7.151771 6.708813 7.167567
6.467923 6.990946 6.350266 6.939039 6.441643 6.877550
4.683265 4.123576 4.844522 4.060454 4.833504 4.223280
3.074487 5.118096 3.030210 5.296780 2.836735 5.144702
3.318573 4.806137 3.151867 4.972548 2.876749 4.846485
6.615329 9.384341 6.600870 9.329003 6.680187 9.303078
6.329934 4.771308 6.278563 4.714999 6.365849 4.714065
7.024081 7.916560 6.868703 7.867136 7.029594 7.864784
6.934791 9.075811 6.786579 9.136434 6.764208 9.032387
4.650423 5.597683 4.677769 5.867206 4.455087 5.840679
6.836341 7.393909 6.856879 7.481740 6.757973 7.436842
5.857013 5.028994 5.709972 4.974221 5.800092 4.898772
4.988033 4.291205 5.056716 4.490139 4.851819 4.405057
5.096682 6.586653 5.304865 6.823000 5.067753 7.047787
5.431110 5.051719 5.498068 4.876193 5.593646 4.996565
4.356281 5.582323 4.509676 5.379365 4.650423 5.597683
6.275850 4.823523 6.278563 4.714999 6.329934 4.771308
6.437660 5.525436 6.416965 5.605138 6.342111 5.555702
6.588353 8.424848 6.738431 8.335076 6.770477 8.454824
2.390450 5.130309 2.464671 5.200256 2.373753 5.265616
6.605563 9.244017 6.522620 9.251977 6.542594 9.179211
5.867142 6.350444 6.033891 6.455833 5.874594 6.577563
5.431110 5.051719 5.356010 4.879169 5.498068 4.876193
6.211884 7.531987 6.079897 7.695623 6.062291 7.507180
2.863040 5.529209 2.793216 5.388294 2.940399 5.412167
4.936934 5.479745 4.914125 5.215161 5.102356 5.307989
4.759153 6.755710 5.096682 6.586653 5.067753 7.047787
5.885586 5.327283 5.916918 5.493910 5.760181 5.419147
6.419157 6.772894 6.364659 6.736189 6.426834 6.691677
6.357413 9.093249 6.309824 9.102637 6.300463 9.036570
5.935835 7.182201 5.832556 7.318990 5.731776 7.124018
6.670263 8.623729 6.626368 8.710575 6.512871 8.603105
6.366315 9.182479 6.332762 9.196816 6.331666 9.159700
6.351911 4.986871 6.284058 4.979264 6.337939 4.888727
6.757973 7.436842 6.771440 7.327620 6.836341 7.393909
6.255815 4.916100 6.284058 4.979264 6.224509 5.012868
6.705240 9.205156 6.821053 9.268784 6.680187 9.303078
5.734432 5.089036 5.709972 4.974221 5.857013 5.028994
5.482180 5.977796 5.282909 5.819792 5.470375 5.773811
6.861430 8.032677 6.868703 7.867136 7.024081 7.916560
6.418864 9.229322 6.387916 9.207717 6.413437 9.170906
6.780554 8.866481 6.822467 8.960368 6.749635 8.935568
6.307196 7.044466 6.216721 7.118530 6.215268 6.977484
6.342729 9.231172 6.361328 9.213947 6.373960 9.247405
6.237653 6.621498 6.288964 6.535812 6.339708 6.645292
6.175363 8.168900 6.364779 8.002820 6.440190 8.286237
2.921850 6.085670 3.057563 5.996775 3.192384 6.142989
5.595437 5.164536 5.734432 5.089036 5.745437 5.251323
3.074487 5.118096 2.836735 5.144702 2.876749 4.846485
6.332762 9.196816 6.312467 9.222442 6.310622 9.176975
6.119020 6.869398 5.989179 6.894376 6.018207 6.722153
5.096682 6.586653 5.302105 6.383279 5.435210 6.597209
6.859346 8.639556 6.769304 8.595678 6.878674 8.579033
6.265371 7.673322 6.079897 7.695623 6.211884 7.531987
6.211180 9.038186 6.300463 9.036570 6.221249 9.057645
6.426834 6.691677 6.364659 6.736189 6.339708 6.645292
4.824344 6.031907 5.093447 5.916260 5.085090 6.222484
5.734432 5.089036 5.857013 5.028994 5.873639 5.177719
5.276015 6.063005 5.282909 5.819792 5.482180 5.977796
4.974811 4.126562 4.966200 3.991036 5.098493 4.029478
4.851819 4.405057 5.056716 4.490139 4.880835 4.596521
4.793078 6.376672 5.085090 6.222484 5.096682 6.586653
4.974811 4.126562 5.098493 4.029478 5.111638 4.199066
6.843483 7.225278 6.790411 7.194942 6.839851 7.162612
6.351923 6.821331 6.242409 6.833331 6.283110 6.732982
6.052304 5.490942 6.150569 5.492562 6.132078 5.588982
6.316726 5.987684 6.320685 5.848569 6.395102 5.923951
6.682990 7.345221 6.771440 7.327620 6.757973 7.436842
6.512871 8.603105 6.626368 8.710575 6.500237 8.761037
6.459271 9.261722 6.409514 9.276524 6.418864 9.229322
4.524650 4.063380 4.683265 4.123576 4.514433 4.219114
2.464671 5.200256 2.570379 5.205271 2.471823 5.292845
6.337939 4.888727 6.355575 4.829829 6.439227 4.895231
5.821582 5.775134 5.967556 5.884111 5.820104 5.960928
5.478515 6.190228 5.302105 6.383279 5.276015 6.063005
2.896142 5.635289 3.099481 5.642844 3.046420 5.782747
6.924688 7.782820 6.868703 7.867136 6.798860 7.728147
6.331666 9.159700 6.337307 9.130765 6.368564 9.141675
3.774465 6.265905 3.633146 6.006379 3.947566 6.012046
2.483813 5.078607 2.374534 5.006700 2.434925 4.886833
5.997593 4.765252 6.012103 4.627880 6.100158 4.714102
6.413437 9.170906 6.411198 9.106212 6.474750 9.135458
6.730014 7.131489 6.705099 7.112800 6.747739 7.087356
4.234471 4.919507 4.007326 4.955209 4.075145 4.774163
6.096497 4.828484 6.190373 4.773001 6.184737 4.878055
5.885586 5.327283 6.012352 5.375585 5.916918 5.493910
5.990957 5.118151 6.096666 5.181380 6.001509 5.246326
6.316726 5.987684 6.212375 5.951694 6.320685 5.848569
4.422583 6.543606 4.576061 6.117716 4.793078 6.376672
6.802970 8.208936 6.700524 8.087958 6.861430 8.032677
6.033891 6.455833 6.174581 6.501709 6.105383 6.601240
3.633146 6.006379 3.743270 5.842189 3.947566 6.012046
6.351923 6.821331 6.350266 6.939039 6.242409 6.833331
3.558996 5.036284 3.337658 5.119475 3.318573 4.806137
6.096666 5.181380 6.199031 5.230920 6.105842 5.291792
4.691012 4.510687 4.851819 4.405057 4.880835 4.596521
6.509573 8.883294 6.445394 8.955850 6.348218 8.840985
3.630552 4.813009 3.558996 5.036284 3.318573 4.806137
6.746576 9.382037 6.821053 9.268784 6.884315 9.375634
4.121773 5.114813 4.292187 5.085818 4.261994 5.309336
5.892058 4.698848 6.012103 4.627880 5.997593 4.765252
3.046420 5.782747 3.057563 5.996775 2.912721 5.923692
6.639272 8.244146 6.738431 8.335076 6.588353 8.424848
5.800092 4.898772 5.908274 4.928362 5.857013 5.028994
6.307196 7.044466 6.350266 6.939039 6.413343 7.058841
5.873639 5.177719 6.001509 5.246326 5.885586 5.327283
5.820104 5.960928 5.976585 6.034221 5.829687 6.149487
6.224509 5.012868 6.171407 4.966524 6.255815 4.916100
5.778266 5.587669 5.916918 5.493910 5.925059 5.647470
6.482271 7.393339 6.622054 7.435921 6.543962 7.549456
6.286590 9.143306 6.279417 9.122725 6.298224 9.128594
4.576061 6.117716 4.677769 5.867206 4.824344 6.031907
2.390450 5.130309 2.373753 5.265616 2.291531 5.194094
6.605563 9.244017 6.565461 9.285373 6.522620 9.251977
6.786579 9.136434 6.705710 9.108994 6.764208 9.032387
6.134456 4.290835 6.084053 4.354049 6.059433 4.259490
4.793078 6.376672 4.824344 6.031907 5.085090 6.222484
6.500237 8.761037 6.626368 8.710575 6.611501 8.818494
4.691012 4.510687 4.880835 4.596521 4.707017 4.707004
4.455087 5.840679 4.677769 5.867206 4.576061 6.117716
2.998020 5.542919 3.099481 5.642844 2.896142 5.635289
6.470550 9.205103 6.522620 9.251977 6.459271 9.261722
5.821582 5.775134 5.968696 5.755977 5.967556 5.884111
6.365922 5.066559 6.297966 5.044829 6.351911 4.986871
2.659387 5.053629 2.483813 5.078607 2.434925 4.886833
4.261994 5.309336 4.292187 5.085818 4.434354 5.151098
6.409514 9.276524 6.373960 9.247405 6.418864 9.229322
6.868703 7.867136 6.698982 7.815684 6.798860 7.728147
6.705240 9.205156 6.786579 9.136434 6.821053 9.268784
6.205532 5.334518 6.300367 5.365241 6.221235 5.435092
4.179705 5.811680 4.356281 5.582323 4.455087 5.840679
6.464381 5.940106 6.438585 5.845210 6.526808 5.845855
6.375327 9.287886 6.343068 9.276189 6.373960 9.247405
4.234471 4.919507 4.121773 5.114813 4.007326 4.955209
5.760181 5.419147 5.916918 5.493910 5.778266 5.587669
4.824344 6.031907 4.882927 5.748043 5.093447 5.916260
4.793078 6.376672 5.096682 6.586653 4.759153 6.755710
4.833504 4.223280 4.974811 4.126562 4.988033 4.291205
6.289004 4.409885 6.174965 4.372585 6.217971 4.255423
6.120989 6.084229 5.983610 6.192878 5.976585 6.034221
5.829687 6.149487 5.983610 6.192878 5.867142 6.350444
5.745437 5.251323 5.873639 5.177719 5.885586 5.327283
4.882927 5.748043 5.103705 5.668491 5.093447 5.916260
4.936934 5.479745 4.725171 5.339442 4.914125 5.215161
6.522620 9.251977 6.486529 9.294958 6.459271 9.261722
6.536040 7.074655 6.563925 7.170531 6.467365 7.165228
5.873639 5.177719 5.990957 5.118151 6.001509 5.246326
5.431110 5.051719 5.595437 5.164536 5.446168 5.264029
2.876749 4.846485 3.151867 4.972548 3.074487 5.118096
5.595437 5.164536 5.745437 5.251323 5.607485 5.341893
2.682846 5.223822 2.570379 5.205271 2.659387 5.053629
5.745437 5.251323 5.885586 5.327283 5.760181 5.419147
6.470550 9.205103 6.459271 9.261722 6.418864 9.229322
6.096666 5.181380 6.105842 5.291792 6.001509 5.246326
5.593646 4.996565 5.734432 5.089036 5.595437 5.164536
3.911249 5.727646 4.092871 5.542557 4.179705 5.811680
6.498826 5.469828 6.437660 5.525436 6.432296 5.440060
5.990957 5.118151 6.097977 5.059992 6.096666 5.181380
3.192384 6.142989 3.186029 5.918555 3.377290 5.937359
6.605563 9.244017 6.542594 9.179211 6.626527 9.151345
5.067753 7.047787 5.474985 7.052144 5.376354 7.339865
5.983610 6.192878 5.999860 6.326056 5.867142 6.350444
6.033891 6.455833 6.004668 6.584205 5.874594 6.577563
6.409514 9.276524 6.375327 9.287886 6.373960 9.247405
5.845025 8.103192 6.175363 8.168900 5.979635 8.433139
3.424205 5.584382 3.192575 5.528723 3.371484 5.373967
6.934791 9.075811 6.822467 8.960368 6.883149 8.891592
4.351187 4.538447 4.513691 4.417811 4.526402 4.619908
5.435210 6.597209 5.304865 6.823000 5.096682 6.586653
5.778266 5.587669 5.925059 5.647470 5.821582 5.775134
6.365922 5.066559 6.368851 5.142568 6.309134 5.116235
6.512013 6.719771 6.426834 6.691677 6.504835 6.636060
6.199031 5.230920 6.270872 5.283605 6.205532 5.334518
3.180639 5.313018 3.337658 5.119475 3.371484 5.373967
3.947566 6.012046 3.911249 5.727646 4.179705 5.811680
5.248464 4.988649 5.431110 5.051719 5.270725 5.189211
5.431110 5.051719 5.593646 4.996565 5.595437 5.164536
4.320801 4.269011 4.514433 4.219114 4.513691 4.417811
6.132078 5.588982 6.012296 5.582552 6.052304 5.490942
6.217971 4.255423 6.134456 4.290835 6.124476 4.198633
5.990957 5.118151 5.857013 5.028994 5.994765 5.000732
6.190373 4.773001 6.278563 4.714999 6.275850 4.823523
6.100158 4.714102 6.190373 4.773001 6.096497 4.828484
6.059433 4.259490 6.084053 4.354049 6.003751 4.313938
5.859101 4.217121 5.909346 4.327945 5.776812 4.308101
6.096497 4.828484 6.184737 4.878055 6.092475 4.938037
3.882974 4.796593 3.779741 4.996250 3.630552 4.813009
4.261994 5.309336 4.434354 5.151098 4.509676 5.379365
6.097977 5.059992 6.171407 4.966524 6.178823 5.055690
4.691012 4.510687 4.678974 4.325455 4.851819 4.405057
5.935835 7.182201 5.731776 7.124018 5.880426 7.024374
6.398033 7.271575 6.513122 7.262364 6.482271 7.393339
2.373753 5.265616 2.464671 5.200256 2.471823 5.292845
6.043953 4.157156 5.967192 4.232382 5.933079 4.135829
6.337939 4.888727 6.385924 4.933383 6.351911 4.986871
6.600870 9.329003 6.565461 9.285373 6.605563 9.244017
6.542594 9.179211 6.522620 9.251977 6.470550 9.205103
6.190373 4.773001 6.275850 4.823523 6.184737 4.878055
6.006023 4.393483 6.104293 4.446961 6.001615 4.502439
6.199031 5.230920 6.205532 5.334518 6.105842 5.291792
6.542594 9.179211 6.474750 9.135458 6.547610 9.091190
6.283110 6.732982 6.167317 6.731360 6.237653 6.621498
6.757973 7.436842 6.856879 7.481740 6.818081 7.545707
6.764208 9.032387 6.822467 8.960368 6.934791 9.075811
6.411198 9.106212 6.357413 9.093249 6.394647 9.031471
5.903234 4.449232 6.006023 4.393483 6.001615 4.502439
6.726540 8.773220 6.691496 8.875009 6.611501 8.818494
5.111638 4.199066 5.209411 4.125793 5.280130 4.276035
6.772891 7.123458 6.730014 7.131489 6.747739 7.087356
4.514433 4.219114 4.683265 4.123576 4.678974 4.325455
6.205532 5.334518 6.270872 5.283605 6.300367 5.365241
5.077207 4.893783 5.064788 4.699929 5.232064 4.797855
4.833504 4.223280 4.844522 4.060454 4.974811 4.126562
4.678974 4.325455 4.833504 4.223280 4.851819 4.405057
5.895004 4.568202 6.012103 4.627880 5.892058 4.698848
3.911249 5.727646 3.840082 5.485335 4.092871 5.542557
5.873639 5.177719 5.857013 5.028994 5.990957 5.118151
6.329934 4.771308 6.355575 4.829829 6.275850 4.823523
6.105842 5.291792 6.012352 5.375585 6.001509 5.246326
6.770477 8.454824 6.683651 8.518912 6.588353 8.424848
5.874594 6.577563 6.018207 6.722153 5.861976 6.810635
6.522620 9.251977 6.565461 9.285373 6.523465 9.304754
6.680187 9.303078 6.821053 9.268784 6.746576 9.382037
6.337939 4.888727 6.284058 4.979264 6.255815 4.916100
6.780554 8.866481 6.808521 8.799856 6.883149 8.891592
4.707017 4.707004 4.880835 4.596521 4.892160 4.798553
4.422583 6.543606 4.793078 6.376672 4.759153 6.755710
6.097977 5.059992 6.176978 5.137926 6.096666 5.181380
5.903234 4.449232 6.001615 4.502439 5.895004 4.568202
6.622054 7.435921 6.688079 7.549869 6.543962 7.549456
6.300367 5.365241 6.306910 5.462681 6.221235 5.435092
6.513122 7.262364 6.589224 7.325000 6.482271 7.393339
6.482271 7.393339 6.589224 7.325000 6.622054 7.435921
6.365849 4.714065 6.278563 4.714999 6.341585 4.648292
6.120867 5.403527 6.012352 5.375585 6.105842 5.291792
5.845025 8.103192 6.141474 7.894767 6.175363 8.168900
6.642207 9.037578 6.705710 9.108994 6.626527 9.151345
3.192384 6.142989 3.377290 5.937359 3.462918 6.200307
5.685468 4.414768 5.647325 4.274009 5.776812 4.308101
4.882927 5.748043 4.936934 5.479745 5.103705 5.668491
5.248464 4.988649 5.356010 4.879169 5.431110 5.051719
4.575035 3.830932 4.546979 3.940649 4.457396 3.864753
6.339708 6.645292 6.430526 6.626784 6.426834 6.691677
3.660985 5.657671 3.424205 5.584382 3.593667 5.432334
3.840082 5.485335 4.006417 5.311303 4.092871 5.542557
3.074487 5.118096 3.337658 5.119475 3.180639 5.313018
5.276015 6.063005 5.302105 6.383279 5.085090 6.222484
6.100158 4.714102 6.182772 4.667431 6.190373 4.773001
6.593495 6.156896 6.430498 6.327088 6.443519 6.147951
3.424205 5.584382 3.256490 5.732907 3.192575 5.528723
4.006417 5.311303 4.121773 5.114813 4.261994 5.309336
6.368564 9.141675 6.357413 9.093249 6.411198 9.106212
4.892160 4.798553 5.064788 4.699929 5.077207 4.893783
6.092475 4.938037 6.171407 4.966524 6.097977 5.059992
5.431110 5.051719 5.446168 5.264029 5.270725 5.189211
4.880835 4.596521 5.056716 4.490139 5.064788 4.699929
6.275850 4.823523 6.355575 4.829829 6.337939 4.888727
6.474963 5.100606 6.418586 5.103068 6.439819 4.993400
4.678974 4.325455 4.683265 4.123576 4.833504 4.223280
6.167317 6.731360 6.105383 6.601240 6.237653 6.621498
6.361328 9.213947 6.387916 9.207717 6.373960 9.247405
6.529307 5.631748 6.512229 5.704392 6.483365 5.645343
6.512871 8.603105 6.461598 8.454697 6.588353 8.424848
3.947566 6.012046 4.179705 5.811680 4.284955 6.117304
4.514433 4.219114 4.407757 4.089195 4.524650 4.063380
4.526402 4.619908 4.513691 4.417811 4.691012 4.510687
5.595437 5.164536 5.607485 5.341893 5.446168 5.264029
5.874594 6.577563 5.861976 6.810635 5.692159 6.698597
5.077207 4.893783 5.232064 4.797855 5.248464 4.988649
6.092909 5.924761 6.120989 6.084229 5.976585 6.034221
6.066267 7.045320 5.989179 6.894376 6.119020 6.869398
6.421829 9.344952 6.483138 9.333063 6.465233 9.396505
6.018207 6.722153 5.989179 6.894376 5.861976 6.810635
5.786270 4.504405 5.903234 4.449232 5.895004 4.568202
6.657932 7.093595 6.628232 7.094684 6.625164 7.060197
6.481416 5.373612 6.500017 5.339262 6.553722 5.405521
6.543962 7.549456 6.688079 7.549869 6.638521 7.687819
5.820104 5.960928 5.967556 5.884111 5.976585 6.034221
5.745437 5.251323 5.760181 5.419147 5.607485 5.341893
4.179705 5.811680 4.455087 5.840679 4.284955 6.117304
3.882974 4.796593 4.007326 4.955209 3.779741 4.996250
4.513691 4.417811 4.514433 4.219114 4.678974 4.325455
6.365922 5.066559 6.309134 5.116235 6.297966 5.044829
6.625164 7.060197 6.590793 7.108950 6.536040 7.074655
5.635748 7.586643 5.815966 7.616558 5.710416 7.773246
5.547467 4.155819 5.675355 4.159787 5.647325 4.274009
5.920989 7.789089 6.141474 7.894767 5.845025 8.103192
6.337307 9.130765 6.309824 9.102637 6.357413 9.093249
6.536040 7.074655 6.413343 7.058841 6.467923 6.990946
4.892160 4.798553 4.880835 4.596521 5.064788 4.699929
5.077207 4.893783 5.248464 4.988649 5.089620 5.100472
3.424205 5.584382 3.371484 5.373967 3.593667 5.432334
6.547610 9.091190 6.642207 9.037578 6.626527 9.151345
5.979635 8.433139 6.248248 8.332176 6.304978 8.504597
4.006417 5.311303 4.261994 5.309336 4.092871 5.542557
6.459271 9.261722 6.442348 9.305631 6.409514 9.276524
3.911249 5.727646 3.660985 5.657671 3.840082 5.485335
5.102356 5.307989 5.151000 5.484912 4.936934 5.479745
6.512802 7.828432 6.595495 7.971773 6.364779 8.002820
3.660985 5.657671 3.593667 5.432334 3.840082 5.485335
6.001615 4.502439 6.012103 4.627880 5.895004 4.568202
6.663940 7.151771 6.695689 7.136976 6.708813 7.167567
5.593646 4.996565 5.498068 4.876193 5.654880 4.851760
5.318573 5.591763 5.502116 5.603333 5.470375 5.773811
6.380827 5.332286 6.369816 5.406906 6.300367 5.365241
4.457396 3.864753 4.431899 3.957421 4.437790 3.851383
5.967192 4.232382 5.909346 4.327945 5.859101 4.217121
5.779566 4.632752 5.895004 4.568202 5.892058 4.698848
5.994765 5.000732 6.092475 4.938037 6.097977 5.059992
3.840082 5.485335 3.745437 5.232305 4.006417 5.311303
3.462918 6.200307 3.633146 6.006379 3.774465 6.265905
6.705240 9.205156 6.705710 9.108994 6.786579 9.136434
6.364779 8.002820 6.595495 7.971773 6.523812 8.108761
4.261994 5.309336 4.509676 5.379365 4.356281 5.582323
6.600870 9.329003 6.605563 9.244017 6.680187 9.303078
4.974811 4.126562 5.111638 4.199066 4.988033 4.291205
3.774465 6.265905 3.947566 6.012046 4.086012 6.331503
6.647995 7.120265 6.619781 7.143987 6.628232 7.094684
6.286590 9.143306 6.298224 9.128594 6.303019 9.151760
6.542094 8.992796 6.614576 8.927337 6.642207 9.037578
4.691012 4.510687 4.513691 4.417811 4.678974 4.325455
6.443519 6.147951 6.324548 6.117385 6.415927 6.036405
6.097977 5.059992 6.178823 5.055690 6.176978 5.137926
4.833504 4.223280 4.988033 4.291205 4.851819 4.405057
6.012352 5.375585 6.052304 5.490942 5.916918 5.493910
5.867142 6.350444 5.874594 6.577563 5.681625 6.480676
6.513556 5.259816 6.480240 5.292271 6.465289 5.245424
6.279417 9.122725 6.267676 9.098989 6.290216 9.112217
6.259753 9.106562 6.267676 9.098989 6.279417 9.122725
5.248464 4.988649 5.270725 5.189211 5.089620 5.100472
4.892160 4.798553 5.077207 4.893783 4.902292 5.006537
6.175363 8.168900 6.248248 8.332176 5.979635 8.433139
5.867142 6.350444 5.999860 6.326056 6.033891 6.455833
6.316726 5.987684 6.395102 5.923951 6.415927 6.036405
6.300367 5.365241 6.329945 5.300076 6.380827 5.332286
4.526402 4.619908 4.691012 4.510687 4.707017 4.707004
6.120867 5.403527 6.052304 5.490942 6.012352 5.375585
3.593667 5.432334 3.745437 5.232305 3.840082 5.485335
6.393495 5.769569 6.453210 5.714516 6.510766 5.775400
3.947566 6.012046 4.284955 6.117304 4.086012 6.331503
6.924688 7.782820 6.798860 7.728147 6.898132 7.640878
6.348218 8.840985 6.500237 8.761037 6.509573 8.883294
6.350266 6.939039 6.215268 6.977484 6.242409 6.833331
6.792461 7.084052 6.772891 7.123458 6.747739 7.087356
6.595495 7.971773 6.698982 7.815684 6.739458 7.941801
5.829687 6.149487 5.867142 6.350444 5.666727 6.270617
3.377290 5.937359 3.633146 6.006379 3.462918 6.200307
6.512013 6.719771 6.419157 6.772894 6.426834 6.691677
5.731776 7.124018 5.832556 7.318990 5.633720 7.308656
5.470375 5.773811 5.282909 5.819792 5.318573 5.591763
6.764208 9.032387 6.705710 9.108994 6.642207 9.037578
5.997593 4.765252 6.100158 4.714102 6.096497 4.828484
2.278707 5.055119 2.390450 5.130309 2.291531 5.194094
5.997341 4.885474 6.096497 4.828484 6.092475 4.938037
3.337658 5.119475 3.151867 4.972548 3.318573 4.806137
5.776812 4.308101 5.807856 4.402880 5.685468 4.414768
2.682846 5.223822 2.836735 5.144702 2.770509 5.286354
5.821582 5.775134 5.820104 5.960928 5.648181 5.878268
5.820104 5.960928 5.829687 6.149487 5.660559 6.068034
5.064788 4.699929 5.234677 4.621746 5.232064 4.797855
6.105383 6.601240 6.174581 6.501709 6.237653 6.621498
4.988033 4.291205 5.137686 4.342204 5.056716 4.490139
5.647325 4.274009 5.675355 4.159787 5.755077 4.207750
6.443519 6.147951 6.337485 6.235676 6.324548 6.117385
5.976585 6.034221 5.967556 5.884111 6.092909 5.924761
5.909346 4.327945 5.807856 4.402880 5.776812 4.308101
5.861976 6.810635 5.989179 6.894376 5.880426 7.024374
3.057563 5.996775 3.186029 5.918555 3.192384 6.142989
6.320685 5.848569 6.212375 5.951694 6.193728 5.825643
5.647325 4.274009 5.478321 4.273878 5.547467 4.155819
5.280130 4.276035 5.209411 4.125793 5.351709 4.143179
4.650423 5.597683 4.725171 5.339442 4.936934 5.479745
6.421829 9.344952 6.402298 9.310141 6.442348 9.305631
6.300367 5.365241 6.369816 5.406906 6.306910 5.462681
6.337485 6.235676 6.322531 6.350673 6.237881 6.307551
6.622054 7.435921 6.757973 7.436842 6.688079 7.549869
6.001509 5.246326 6.012352 5.375585 5.885586 5.327283
6.683886 7.214865 6.627484 7.200265 6.663940 7.151771
5.779566 4.632752 5.786270 4.504405 5.895004 4.568202
4.351187 4.538447 4.526402 4.619908 4.364210 4.728986
6.092909 5.924761 6.212375 5.951694 6.120989 6.084229
6.465289 5.245424 6.480240 5.292271 6.425335 5.281776
4.882927 5.748043 4.650423 5.597683 4.936934 5.479745
5.085090 6.222484 5.302105 6.383279 5.096682 6.586653
6.642207 9.037578 6.686723 8.966985 6.764208 9.032387
4.966200 3.991036 5.052715 3.927020 5.098493 4.029478
6.357159 5.670232 6.453210 5.714516 6.393495 5.769569
4.092871 5.542557 4.356281 5.582323 4.179705 5.811680
6.700524 8.087958 6.739458 7.941801 6.861430 8.032677
2.793216 5.388294 2.872753 5.302358 2.940399 5.412167
4.509676 5.379365 4.725171 5.339442 4.650423 5.597683
6.440190 8.286237 6.248248 8.332176 6.175363 8.168900
7.007534 7.690018 6.924688 7.782820 6.898132 7.640878
6.563925 7.170531 6.513122 7.262364 6.467365 7.165228
5.077207 4.893783 5.089620 5.100472 4.902292 5.006537
6.205532 5.334518 6.221235 5.435092 6.120867 5.403527
6.001615 4.502439 6.091245 4.536249 6.012103 4.627880
5.903234 4.449232 5.909346 4.327945 6.006023 4.393483
6.439227 4.895231 6.385924 4.933383 6.337939 4.888727
6.306910 5.462681 6.342111 5.555702 6.238783 5.531571
6.332762 9.196816 6.342729 9.231172 6.312467 9.222442
5.874594 6.577563 6.004668 6.584205 6.018207 6.722153
6.513556 5.259816 6.465289 5.245424 6.503176 5.211369
6.199031 5.230920 6.270628 5.221232 6.270872 5.283605
6.212375 5.951694 6.238860 6.066502 6.120989 6.084229
3.947566 6.012046 3.743270 5.842189 3.911249 5.727646
4.707017 4.707004 4.892160 4.798553 4.718123 4.909258
6.739458 7.941801 6.698982 7.815684 6.868703 7.867136
7.007534 7.690018 6.898132 7.640878 6.991625 7.565033
4.431899 3.957421 4.407757 4.089195 4.247004 3.937048
5.933079 4.135829 5.967192 4.232382 5.859101 4.217121
6.395102 5.923951 6.438585 5.845210 6.464381 5.940106
6.342111 5.555702 6.357159 5.670232 6.256466 5.632324
3.256490 5.732907 3.515898 5.793481 3.377290 5.937359
5.990957 5.118151 5.994765 5.000732 6.097977 5.059992
6.415927 6.036405 6.464381 5.940106 6.544295 6.050994
6.470584 9.051899 6.542094 8.992796 6.547610 9.091190
6.114244 8.763085 6.356110 8.694562 6.348218 8.840985
6.256466 5.632324 6.357159 5.670232 6.282137 5.742273
6.542094 8.992796 6.642207 9.037578 6.547610 9.091190
4.261994 5.309336 4.356281 5.582323 4.092871 5.542557
6.510766 5.775400 6.438585 5.845210 6.393495 5.769569
6.442348 9.305631 6.402298 9.310141 6.409514 9.276524
5.778266 5.587669 5.821582 5.775134 5.633648 5.690873
6.368851 5.142568 6.316901 5.182177 6.309134 5.116235
6.306910 5.462681 6.379639 5.479019 6.342111 5.555702
6.279417 9.122725 6.290216 9.112217 6.298224 9.128594
5.098493 4.029478 5.209411 4.125793 5.111638 4.199066
6.256466 5.632324 6.282137 5.742273 6.168199 5.710735
5.760181 5.419147 5.778266 5.587669 5.623341 5.512763
6.611501 8.818494 6.626368 8.710575 6.726540 8.773220
6.217971 4.255423 6.174965 4.372585 6.134456 4.290835
6.605563 9.244017 6.626527 9.151345 6.705240 9.205156
6.288964 6.535812 6.362930 6.466056 6.375050 6.563321
6.357159 5.670232 6.393495 5.769569 6.282137 5.742273
5.376354 7.339865 5.474985 7.052144 5.633720 7.308656
5.223019 3.844117 5.197652 3.992747 5.166332 3.870798
5.880426 7.024374 5.686150 6.917388 5.861976 6.810635
6.012103 4.627880 6.110597 4.621003 6.100158 4.714102
5.916918 5.493910 6.012296 5.582552 5.925059 5.647470
5.997341 4.885474 5.997593 4.765252 6.096497 4.828484
3.046420 5.782747 3.099481 5.642844 3.256490 5.732907
3.593667 5.432334 3.521448 5.238873 3.745437 5.232305
3.424205 5.584382 3.515898 5.793481 3.256490 5.732907
4.892160 4.798553 4.902292 5.006537 4.718123 4.909258
6.626527 9.151345 6.705710 9.108994 6.705240 9.205156
3.779741 4.996250 3.558996 5.036284 3.630552 4.813009
6.792461 7.084052 6.815995 7.123719 6.772891 7.123458
6.337485 6.235676 6.237881 6.307551 6.230218 6.178516
5.067753 7.047787 5.304865 6.823000 5.474985 7.052144
6.373960 9.247405 6.387916 9.207717 6.418864 9.229322
4.364210 4.728986 4.408341 4.934334 4.234471 4.919507
6.096666 5.181380 6.176978 5.137926 6.199031 5.230920
5.994765 5.000732 5.997341 4.885474 6.092475 4.938037
6.398033 7.271575 6.482271 7.393339 6.319552 7.392903
5.664467 4.561427 5.685468 4.414768 5.786270 4.504405
6.543962 7.549456 6.638521 7.687819 6.448340 7.689647
6.512871 8.603105 6.356110 8.694562 6.304978 8.504597
5.093447 5.916260 5.276015 6.063005 5.085090 6.222484
6.105383 6.601240 6.004668 6.584205 6.033891 6.455833
6.324548 6.117385 6.316726 5.987684 6.415927 6.036405
4.526402 4.619908 4.707017 4.707004 4.543700 4.814690
5.935835 7.182201 6.066267 7.045320 6.108500 7.230943
6.012103 4.627880 6.091245 4.536249 6.110597 4.621003
6.883149 8.891592 6.822467 8.960368 6.780554 8.866481
6.337485 6.235676 6.230218 6.178516 6.324548 6.117385
6.482271 7.393339 6.543962 7.549456 6.382416 7.535255
6.066267 7.045320 6.216721 7.118530 6.108500 7.230943
5.421834 4.406492 5.561078 4.368460 5.541222 4.486775
6.802970 8.208936 6.639272 8.244146 6.700524 8.087958
6.891081 8.342623 6.802970 8.208936 6.953121 8.210247
5.270725 5.189211 5.102356 5.307989 5.089620 5.100472
4.526402 4.619908 4.543700 4.814690 4.364210 4.728986
6.440190 8.286237 6.461598 8.454697 6.304978 8.504597
6.639272 8.244146 6.588353 8.424848 6.440190 8.286237
5.776473 4.765475 5.779566 4.632752 5.892058 4.698848
5.052715 3.927020 4.959848 3.877130 5.054000 3.836726
6.119020 6.869398 6.018207 6.722153 6.167317 6.731360
6.174581 6.501709 6.288964 6.535812 6.237653 6.621498
5.446168 5.264029 5.293434 5.376573 5.270725 5.189211
5.474985 7.052144 5.731776 7.124018 5.633720 7.308656
5.056716 4.490139 5.137686 4.342204 5.251911 4.454576
6.780554 8.866481 6.691496 8.875009 6.726540 8.773220
3.046420 5.782747 3.186029 5.918555 3.057563 5.996775
6.364659 6.736189 6.283110 6.732982 6.339708 6.645292
5.892161 4.827839 5.892058 4.698848 5.997593 4.765252
5.925059 5.647470 5.968696 5.755977 5.821582 5.775134
6.167335 7.377756 6.108500 7.230943 6.260124 7.259137
6.260124 7.259137 6.216721 7.118530 6.342975 7.153829
6.331666 9.159700 6.315731 9.135765 6.337307 9.130765
6.255815 4.916100 6.171407 4.966524 6.184737 4.878055
6.565461 9.285373 6.538394 9.339039 6.523465 9.304754
6.205532 5.334518 6.120867 5.403527 6.105842 5.291792
6.593495 6.156896 6.443519 6.147951 6.544295 6.050994
6.512802 7.828432 6.698982 7.815684 6.595495 7.971773
6.303019 9.151760 6.315731 9.135765 6.331666 9.159700
6.124476 4.198633 6.059433 4.259490 6.043953 4.157156
6.850132 8.702989 6.800277 8.670349 6.859346 8.639556
4.974811 4.126562 4.844522 4.060454 4.966200 3.991036
5.654880 4.851760 5.709972 4.974221 5.593646 4.996565
4.902292 5.006537 4.733050 5.118891 4.718123 4.909258
5.197652 3.992747 5.123199 3.940935 5.166332 3.870798
5.976585 6.034221 5.983610 6.192878 5.829687 6.149487
2.716811 5.418341 2.793216 5.388294 2.758173 5.492441
5.251911 4.454576 5.280130 4.276035 5.421834 4.406492
6.134456 4.290835 6.059433 4.259490 6.124476 4.198633
6.342111 5.555702 6.416965 5.605138 6.357159 5.670232
6.342975 7.153829 6.216721 7.118530 6.307196 7.044466
6.170891 4.576997 6.091245 4.536249 6.178435 4.486524
5.397988 4.555588 5.251911 4.454576 5.421834 4.406492
4.793078 6.376672 4.576061 6.117716 4.824344 6.031907
6.465289 5.245424 6.415169 5.227832 6.448745 5.200916
6.536040 7.074655 6.467365 7.165228 6.413343 7.058841
3.377290 5.937359 3.186029 5.918555 3.256490 5.732907
6.432296 5.440060 6.481890 5.419609 6.498826 5.469828
6.282137 5.742273 6.193728 5.825643 6.168199 5.710735
6.306910 5.462681 6.238783 5.531571 6.221235 5.435092
6.688079 7.549869 6.761761 7.631330 6.638521 7.687819
6.553722 5.405521 6.481890 5.419609 6.481416 5.373612
6.182772 4.667431 6.278563 4.714999 6.190373 4.773001
6.043953 4.157156 6.059433 4.259490 5.967192 4.232382
6.395102 5.923951 6.464381 5.940106 6.415927 6.036405
3.377290 5.937359 3.515898 5.793481 3.633146 6.006379
5.874594 6.577563 5.692159 6.698597 5.681625 6.480676
5.859101 4.217121 5.776812 4.308101 5.755077 4.207750
6.470584 9.051899 6.445394 8.955850 6.542094 8.992796
4.707017 4.707004 4.718123 4.909258 4.543700 4.814690
6.342111 5.555702 6.256466 5.632324 6.238783 5.531571
5.270725 5.189211 5.293434 5.376573 5.102356 5.307989
6.638521 7.687819 6.761761 7.631330 6.798860 7.728147
5.779566 4.632752 5.664467 4.561427 5.786270 4.504405
4.936934 5.479745 5.151000 5.484912 5.103705 5.668491
4.075145 4.774163 4.007326 4.955209 3.882974 4.796593
4.434354 5.151098 4.408341 4.934334 4.569986 5.023278
6.332762 9.196816 6.361328 9.213947 6.342729 9.231172
5.760181 5.419147 5.623341 5.512763 5.607485 5.341893
6.770477 8.454824 6.738431 8.335076 6.891081 8.342623
6.033891 6.455833 6.137783 6.382959 6.174581 6.501709
6.622054 7.435921 6.682990 7.345221 6.757973 7.436842
5.892161 4.827839 5.800092 4.898772 5.776473 4.765475
6.372771 5.264945 6.368653 5.203328 6.415169 5.227832
4.434354 5.151098 4.292187 5.085818 4.408341 4.934334
5.093447 5.916260 5.282909 5.819792 5.276015 6.063005
5.685468 4.414768 5.807856 4.402880 5.786270 4.504405
6.518387 5.539428 6.437660 5.525436 6.498826 5.469828
4.524650 4.063380 4.631029 4.005598 4.683265 4.123576
6.421829 9.344952 6.399729 9.371914 6.372520 9.334708
6.282137 5.742273 6.320685 5.848569 6.193728 5.825643
5.397988 4.555588 5.421834 4.406492 5.541222 4.486775
6.419157 6.772894 6.441643 6.877550 6.351923 6.821331
2.659387 5.053629 2.836735 5.144702 2.682846 5.223822
5.776812 4.308101 5.647325 4.274009 5.755077 4.207750
6.141474 7.894767 6.344448 7.820537 6.364779 8.002820
5.404597 4.732389 5.551046 4.758191 5.498068 4.876193
5.820104 5.960928 5.660559 6.068034 5.648181 5.878268
6.772891 7.123458 6.753515 7.162617 6.730014 7.131489
5.892161 4.827839 5.776473 4.765475 5.892058 4.698848
6.437660 5.525436 6.379639 5.479019 6.432296 5.440060
5.089620 5.100472 4.914125 5.215161 4.902292 5.006537
6.052629 5.677863 6.012296 5.582552 6.132078 5.588982
4.121773 5.114813 3.932139 5.121976 4.007326 4.955209
6.319552 7.392903 6.167335 7.377756 6.260124 7.259137
5.997341 4.885474 5.892161 4.827839 5.997593 4.765252
6.375050 6.563321 6.430526 6.626784 6.339708 6.645292
5.664467 4.561427 5.541222 4.486775 5.685468 4.414768
6.465289 5.245424 6.425335 5.281776 6.415169 5.227832
6.167335 7.377756 6.062291 7.507180 6.009017 7.355539
5.280130 4.276035 5.137686 4.342204 5.111638 4.199066
3.192575 5.528723 3.180639 5.313018 3.371484 5.373967
5.664467 4.561427 5.536024 4.629896 5.541222 4.486775
6.430498 6.327088 6.322531 6.350673 6.337485 6.235676
5.821582 5.775134 5.648181 5.878268 5.633648 5.690873
6.178435 4.486524 6.091245 4.536249 6.104293 4.446961
5.778266 5.587669 5.633648 5.690873 5.623341 5.512763
6.465289 5.245424 6.448745 5.200916 6.503176 5.211369
6.474750 9.135458 6.470584 9.051899 6.547610 9.091190
5.776473 4.765475 5.661660 4.700718 5.779566 4.632752
4.902292 5.006537 4.914125 5.215161 4.733050 5.118891
6.780554 8.866481 6.749635 8.935568 6.691496 8.875009
5.800092 4.898772 5.654880 4.851760 5.776473 4.765475
6.182772 4.667431 6.110597 4.621003 6.170891 4.576997
6.366315 9.182479 6.361328 9.213947 6.332762 9.196816
5.903234 4.449232 5.807856 4.402880 5.909346 4.327945
6.443519 6.147951 6.430498 6.327088 6.337485 6.235676
4.824344 6.031907 4.677769 5.867206 4.882927 5.748043
5.892161 4.827839 5.908274 4.928362 5.800092 4.898772
6.304978 8.504597 6.461598 8.454697 6.512871 8.603105
6.120989 6.084229 6.238860 6.066502 6.230218 6.178516
4.914125 5.215161 4.725171 5.339442 4.733050 5.118891
5.933079 4.135829 5.859101 4.217121 5.830433 4.109450
6.193728 5.825643 6.092909 5.924761 6.076656 5.795306
6.167335 7.377756 6.009017 7.355539 6.108500 7.230943
6.625164 7.060197 6.628232 7.094684 6.590793 7.108950
6.120867 5.403527 6.150569 5.492562 6.052304 5.490942
6.605563 9.244017 6.705240 9.205156 6.680187 9.303078
6.682990 7.345221 6.589224 7.325000 6.648186 7.269955
6.506203 6.597570 6.430526 6.626784 6.375050 6.563321
5.935835 7.182201 5.880426 7.024374 6.066267 7.045320
5.867142 6.350444 5.681625 6.480676 5.666727 6.270617
5.102356 5.307989 4.914125 5.215161 5.089620 5.100472
5.829687 6.149487 5.666727 6.270617 5.660559 6.068034
6.448340 7.689647 6.265371 7.673322 6.382416 7.535255
6.416965 5.605138 6.476911 5.590341 6.483365 5.645343
4.455087 5.840679 4.576061 6.117716 4.284955 6.117304
6.242409 6.833331 6.167317 6.731360 6.283110 6.732982
5.103705 5.668491 5.282909 5.819792 5.093447 5.916260
6.482271 7.393339 6.382416 7.535255 6.319552 7.392903
5.635748 7.586643 5.771055 7.463987 5.815966 7.616558
6.184737 4.878055 6.171407 4.966524 6.092475 4.938037
5.859101 4.217121 5.755077 4.207750 5.830433 4.109450
6.432296 5.440060 6.379639 5.479019 6.369816 5.406906
5.593646 4.996565 5.709972 4.974221 5.734432 5.089036
6.611501 8.818494 6.691496 8.875009 6.614576 8.927337
6.309134 5.116235 6.239422 5.090463 6.297966 5.044829
6.638521 7.687819 6.512802 7.828432 6.448340 7.689647
6.278563 4.714999 6.243122 4.580703 6.341585 4.648292
6.182772 4.667431 6.243122 4.580703 6.278563 4.714999
6.536040 7.074655 6.467923 6.990946 6.594966 7.006245
5.536024 4.629896 5.397988 4.555588 5.541222 4.486775
3.256490 5.732907 3.186029 5.918555 3.046420 5.782747
6.193728 5.825643 6.076656 5.795306 6.168199 5.710735
6.757973 7.436842 6.818081 7.545707 6.688079 7.549869
6.393495 5.769569 6.438585 5.845210 6.320685 5.848569
6.648186 7.269955 6.627484 7.200265 6.683886 7.214865
6.256466 5.632324 6.168199 5.710735 6.132078 5.588982
6.498826 5.469828 6.481890 5.419609 6.553722 5.405521
6.199031 5.230920 6.176978 5.137926 6.251768 5.164471
6.445394 8.955850 6.351020 8.957718 6.348218 8.840985
6.413437 9.170906 6.387916 9.207717 6.366315 9.182479
6.006023 4.393483 6.084053 4.354049 6.104293 4.446961
5.464645 5.447454 5.318573 5.591763 5.293434 5.376573
6.092909 5.924761 5.967556 5.884111 6.076656 5.795306
3.371484 5.373967 3.337658 5.119475 3.521448 5.238873
6.398033 7.271575 6.260124 7.259137 6.342975 7.153829
6.221235 5.435092 6.150569 5.492562 6.120867 5.403527
6.100158 4.714102 6.110597 4.621003 6.182772 4.667431
2.390450 5.130309 2.374534 5.006700 2.483813 5.078607
5.815966 7.616558 5.920989 7.789089 5.710416 7.773246
3.256490 5.732907 3.099481 5.642844 3.192575 5.528723
5.648181 5.878268 5.470375 5.773811 5.633648 5.690873
6.342975 7.153829 6.307196 7.044466 6.413343 7.058841
5.446168 5.264029 5.464645 5.447454 5.293434 5.376573
6.509573 8.883294 6.611501 8.818494 6.614576 8.927337
4.733050 5.118891 4.569986 5.023278 4.718123 4.909258
5.607485 5.341893 5.464645 5.447454 5.446168 5.264029
6.237881 6.307551 6.119462 6.248586 6.230218 6.178516
5.857013 5.028994 5.908274 4.928362 5.994765 5.000732
3.779741 4.996250 3.932139 5.121976 3.745437 5.232305
6.753515 7.162617 6.708813 7.167567 6.730014 7.131489
6.769304 8.595678 6.683651 8.518912 6.770477 8.454824
5.779566 4.632752 5.661660 4.700718 5.664467 4.561427
6.256466 5.632324 6.132078 5.588982 6.238783 5.531571
6.178823 5.055690 6.171407 4.966524 6.224509 5.012868
6.322531 6.350673 6.254179 6.424455 6.237881 6.307551
6.283110 6.732982 6.237653 6.621498 6.339708 6.645292
6.239422 5.090463 6.224509 5.012868 6.297966 5.044829
5.498068 4.876193 5.356010 4.879169 5.404597 4.732389
6.749635 8.935568 6.686723 8.966985 6.691496 8.875009
5.654880 4.851760 5.661660 4.700718 5.776473 4.765475
6.898132 7.640878 6.761761 7.631330 6.818081 7.545707
4.007326 4.955209 3.932139 5.121976 3.779741 4.996250
3.192575 5.528723 3.099481 5.642844 2.998020 5.542919
6.348218 8.840985 6.266379 8.923712 6.114244 8.763085
6.638521 7.687819 6.698982 7.815684 6.512802 7.828432
6.421829 9.344952 6.372520 9.334708 6.402298 9.310141
6.270872 5.283605 6.329945 5.300076 6.300367 5.365241
6.717873 7.270682 6.771440 7.327620 6.682990 7.345221
6.167335 7.377756 6.211884 7.531987 6.062291 7.507180
6.398033 7.271575 6.319552 7.392903 6.260124 7.259137
6.467365 7.165228 6.513122 7.262364 6.398033 7.271575
6.543962 7.549456 6.448340 7.689647 6.382416 7.535255
6.242409 6.833331 6.215268 6.977484 6.119020 6.869398
5.111638 4.199066 5.137686 4.342204 4.988033 4.291205
6.467365 7.165228 6.342975 7.153829 6.413343 7.058841
5.920989 7.789089 6.079897 7.695623 6.141474 7.894767
5.664467 4.561427 5.661660 4.700718 5.536024 4.629896
6.369816 5.406906 6.379639 5.479019 6.306910 5.462681
5.478321 4.273878 5.561078 4.368460 5.421834 4.406492
6.009017 7.355539 5.935835 7.182201 6.108500 7.230943
6.337939 4.888727 6.255815 4.916100 6.275850 4.823523
4.006417 5.311303 3.932139 5.121976 4.121773 5.114813
6.802970 8.208936 6.738431 8.335076 6.639272 8.244146
5.536024 4.629896 5.551046 4.758191 5.404597 4.732389
6.467365 7.165228 6.398033 7.271575 6.342975 7.153829
4.546979 3.940649 4.431899 3.957421 4.457396 3.864753
6.691496 8.875009 6.686723 8.966985 6.614576 8.927337
6.437660 5.525436 6.476911 5.590341 6.416965 5.605138
6.425335 5.281776 6.380827 5.332286 6.372771 5.264945
5.098493 4.029478 5.197652 3.992747 5.209411 4.125793
6.288964 6.535812 6.254179 6.424455 6.362930 6.466056
2.535910 5.378801 2.471823 5.292845 2.572887 5.317439
2.998020 5.542919 3.068369 5.418721 3.192575 5.528723
6.372771 5.264945 6.321629 5.242560 6.368653 5.203328
5.861976 6.810635 5.686150 6.917388 5.692159 6.698597
5.318573 5.591763 5.282909 5.819792 5.103705 5.668491
6.563925 7.170531 6.586719 7.243203 6.513122 7.262364
6.174581 6.501709 6.137783 6.382959 6.254179 6.424455
6.815995 7.123719 6.791903 7.153718 6.772891 7.123458
6.639272 8.244146 6.440190 8.286237 6.523812 8.108761
5.536024 4.629896 5.404597 4.732389 5.397988 4.555588
6.739458 7.941801 6.868703 7.867136 6.861430 8.032677
6.108500 7.230943 6.216721 7.118530 6.260124 7.259137
2.863040 5.529209 2.940399 5.412167 2.998020 5.542919
4.718123 4.909258 4.569986 5.023278 4.543700 4.814690
5.623341 5.512763 5.464645 5.447454 5.607485 5.341893
3.515898 5.793481 3.743270 5.842189 3.633146 6.006379
5.666727 6.270617 5.478515 6.190228 5.660559 6.068034
6.265371 7.673322 6.211884 7.531987 6.382416 7.535255
6.542094 8.992796 6.509573 8.883294 6.614576 8.927337
6.530881 5.302151 6.480240 5.292271 6.513556 5.259816
3.660985 5.657671 3.515898 5.793481 3.424205 5.584382
6.168199 5.710735 6.052629 5.677863 6.132078 5.588982
6.393495 5.769569 6.320685 5.848569 6.282137 5.742273
6.320685 5.848569 6.438585 5.845210 6.395102 5.923951
4.434354 5.151098 4.594447 5.202415 4.509676 5.379365
6.542594 9.179211 6.547610 9.091190 6.626527 9.151345
6.481416 5.373612 6.481890 5.419609 6.432307 5.383988
3.745437 5.232305 3.932139 5.121976 4.006417 5.311303
6.639272 8.244146 6.523812 8.108761 6.700524 8.087958
6.394926 4.770357 6.329934 4.771308 6.365849 4.714065
6.167317 6.731360 6.018207 6.722153 6.105383 6.601240
6.708813 7.167567 6.695689 7.136976 6.730014 7.131489
5.397988 4.555588 5.234677 4.621746 5.251911 4.454576
4.320801 4.269011 4.407757 4.089195 4.514433 4.219114
6.798860 7.728147 6.761761 7.631330 6.898132 7.640878
6.137783 6.382959 5.999860 6.326056 6.119462 6.248586
4.543700 4.814690 4.408341 4.934334 4.364210 4.728986
6.441643 6.877550 6.350266 6.939039 6.351923 6.821331
6.238783 5.531571 6.150569 5.492562 6.221235 5.435092
6.717873 7.270682 6.777417 7.255000 6.771440 7.327620
2.267715 4.905349 2.374534 5.006700 2.278707 5.055119
5.054000 3.836726 5.099062 3.893870 5.052715 3.927020
6.357413 9.093249 6.300463 9.036570 6.394647 9.031471
5.232064 4.797855 5.356010 4.879169 5.248464 4.988649
6.316726 5.987684 6.238860 6.066502 6.212375 5.951694
6.518387 5.539428 6.476911 5.590341 6.437660 5.525436
6.254179 6.424455 6.137783 6.382959 6.237881 6.307551
6.419157 6.772894 6.351923 6.821331 6.364659 6.736189
6.319552 7.392903 6.211884 7.531987 6.167335 7.377756
6.839851 7.162612 6.791903 7.153718 6.815995 7.123719
6.076656 5.795306 6.052629 5.677863 6.168199 5.710735
5.251911 4.454576 5.137686 4.342204 5.280130 4.276035
6.798860 7.728147 6.698982 7.815684 6.638521 7.687819
6.526808 5.845855 6.510766 5.775400 6.580138 5.795618
3.371484 5.373967 3.521448 5.238873 3.593667 5.432334
6.394647 9.031471 6.445394 8.955850 6.470584 9.051899
6.380827 5.332286 6.432307 5.383988 6.369816 5.406906
6.425335 5.281776 6.372771 5.264945 6.415169 5.227832
2.912721 5.923692 3.057563 5.996775 2.921850 6.085670
5.478515 6.190228 5.502040 6.383858 5.302105 6.383279
5.686150 6.917388 5.731776 7.124018 5.474985 7.052144
6.425335 5.281776 6.447599 5.331457 6.380827 5.332286
6.242409 6.833331 6.119020 6.869398 6.167317 6.731360
6.680045 7.089566 6.673432 7.115973 6.657932 7.093595
6.362930 6.466056 6.254179 6.424455 6.322531 6.350673
6.771440 7.327620 6.777417 7.255000 6.842897 7.307765
6.402298 9.310141 6.372520 9.334708 6.375327 9.287886
6.003751 4.313938 6.084053 4.354049 6.006023 4.393483
6.316901 5.182177 6.251768 5.164471 6.309134 5.116235
6.459271 9.261722 6.486529 9.294958 6.442348 9.305631
6.439819 4.993400 6.385924 4.933383 6.439227 4.895231
6.304978 8.504597 6.248248 8.332176 6.440190 8.286237
5.800092 4.898772 5.709972 4.974221 5.654880 4.851760
5.692159 6.698597 5.435210 6.597209 5.681625 6.480676
4.733050 5.118891 4.594447 5.202415 4.569986 5.023278
6.368851 5.142568 6.368653 5.203328 6.316901 5.182177
6.753515 7.162617 6.736299 7.210428 6.708813 7.167567
6.104293 4.446961 6.091245 4.536249 6.001615 4.502439
5.997341 4.885474 5.908274 4.928362 5.892161 4.827839
6.680045 7.089566 6.705099 7.112800 6.673432 7.115973
5.404597 4.732389 5.234677 4.621746 5.397988 4.555588
5.318573 5.591763 5.151000 5.484912 5.293434 5.376573
6.033891 6.455833 5.999860 6.326056 6.137783 6.382959
6.237881 6.307551 6.137783 6.382959 6.119462 6.248586
5.967192 4.232382 6.003751 4.313938 5.909346 4.327945
6.622054 7.435921 6.589224 7.325000 6.682990 7.345221
6.705099 7.112800 6.695689 7.136976 6.673432 7.115973
6.916422 7.236807 6.842897 7.307765 6.843483 7.225278
5.994765 5.000732 5.908274 4.928362 5.997341 4.885474
4.234471 4.919507 4.292187 5.085818 4.121773 5.114813
6.480240 5.292271 6.447599 5.331457 6.425335 5.281776
5.470375 5.773811 5.502116 5.603333 5.633648 5.690873
6.772891 7.123458 6.791903 7.153718 6.753515 7.162617
6.174581 6.501709 6.254179 6.424455 6.288964 6.535812
5.786270 4.504405 5.807856 4.402880 5.903234 4.449232
6.588353 8.424848 6.461598 8.454697 6.440190 8.286237
6.132078 5.588982 6.150569 5.492562 6.238783 5.531571
5.103705 5.668491 5.151000 5.484912 5.318573 5.591763
6.673432 7.115973 6.647995 7.120265 6.657932 7.093595
6.736299 7.210428 6.683886 7.214865 6.708813 7.167567
6.365922 5.066559 6.418586 5.103068 6.368851 5.142568
6.480240 5.292271 6.500017 5.339262 6.447599 5.331457
6.309134 5.116235 6.251768 5.164471 6.239422 5.090463
6.170891 4.576997 6.243122 4.580703 6.182772 4.667431
3.660985 5.657671 3.743270 5.842189 3.515898 5.793481
6.351911 4.986871 6.385924 4.933383 6.439819 4.993400
6.062291 7.507180 5.913934 7.479542 6.009017 7.355539
2.572887 5.317439 2.570379 5.205271 2.682846 5.223822
4.569986 5.023278 4.594447 5.202415 4.434354 5.151098
6.110597 4.621003 6.091245 4.536249 6.170891 4.576997
6.307196 7.044466 6.215268 6.977484 6.350266 6.939039
5.685468 4.414768 5.561078 4.368460 5.647325 4.274009
6.842897 7.307765 6.777417 7.255000 6.843483 7.225278
6.394926 4.770357 6.355575 4.829829 6.329934 4.771308
5.909346 4.327945 6.003751 4.313938 6.006023 4.393483
6.119462 6.248586 5.999860 6.326056 5.983610 6.192878
6.175363 8.168900 6.141474 7.894767 6.364779 8.002820
6.509573 8.883294 6.500237 8.761037 6.611501 8.818494
6.382416 7.535255 6.211884 7.531987 6.319552 7.392903
5.648181 5.878268 5.482180 5.977796 5.470375 5.773811
5.815966 7.616558 5.965223 7.613325 5.920989 7.789089
5.478515 6.190228 5.276015 6.063005 5.482180 5.977796
6.409514 9.276524 6.402298 9.310141 6.375327 9.287886
6.193728 5.825643 6.212375 5.951694 6.092909 5.924761
6.415169 5.227832 6.411652 5.171001 6.448745 5.200916
5.474985 7.052144 5.518674 6.817667 5.686150 6.917388
2.570379 5.205271 2.483813 5.078607 2.659387 5.053629
6.251768 5.164471 6.270628 5.221232 6.199031 5.230920
6.614576 8.927337 6.686723 8.966985 6.642207 9.037578
6.730014 7.131489 6.695689 7.136976 6.705099 7.112800
3.521448 5.238873 3.337658 5.119475 3.558996 5.036284
5.464645 5.447454 5.502116 5.603333 5.318573 5.591763
6.898132 7.640878 6.907362 7.548153 6.991625 7.565033
6.447599 5.331457 6.432307 5.383988 6.380827 5.332286
6.800700 8.724939 6.808521 8.799856 6.726540 8.773220
5.660559 6.068034 5.482180 5.977796 5.648181 5.878268
3.911249 5.727646 3.743270 5.842189 3.660985 5.657671
6.800700 8.724939 6.726540 8.773220 6.736797 8.683868
5.498068 4.876193 5.551046 4.758191 5.654880 4.851760
6.251768 5.164471 6.176978 5.137926 6.239422 5.090463
6.717873 7.270682 6.682990 7.345221 6.648186 7.269955
5.478515 6.190228 5.482180 5.977796 5.660559 6.068034
6.432307 5.383988 6.481890 5.419609 6.432296 5.440060
6.052304 5.490942 6.012296 5.582552 5.916918 5.493910
6.230218 6.178516 6.238860 6.066502 6.324548 6.117385
4.844522 4.060454 4.880806 3.941714 4.966200 3.991036
5.633648 5.690873 5.502116 5.603333 5.623341 5.512763
6.275850 4.823523 6.255815 4.916100 6.184737 4.878055
5.232064 4.797855 5.234677 4.621746 5.404597 4.732389
6.736299 7.210428 6.717873 7.270682 6.683886 7.214865
6.018207 6.722153 6.004668 6.584205 6.105383 6.601240
2.863040 5.529209 2.998020 5.542919 2.896142 5.635289
5.771055 7.463987 5.913934 7.479542 5.815966 7.616558
5.623341 5.512763 5.502116 5.603333 5.464645 5.447454
6.717873 7.270682 6.648186 7.269955 6.683886 7.214865
4.546979 3.940649 4.631029 4.005598 4.524650 4.063380
2.825906 5.633946 2.863040 5.529209 2.896142 5.635289
6.600870 9.329003 6.538394 9.339039 6.565461 9.285373
5.541222 4.486775 5.561078 4.368460 5.685468 4.414768
6.891081 8.342623 6.738431 8.335076 6.802970 8.208936
6.818081 7.545707 6.907362 7.548153 6.898132 7.640878
4.966200 3.991036 4.959848 3.877130 5.052715 3.927020
6.764208 9.032387 6.686723 8.966985 6.749635 8.935568
6.700524 8.087958 6.595495 7.971773 6.739458 7.941801
5.880426 7.024374 5.989179 6.894376 6.066267 7.045320
6.771440 7.327620 6.842897 7.307765 6.836341 7.393909
6.297966 5.044829 6.284058 4.979264 6.351911 4.986871
6.076656 5.795306 5.968696 5.755977 6.052629 5.677863
5.913934 7.479542 5.832556 7.318990 6.009017 7.355539
6.648186 7.269955 6.586719 7.243203 6.627484 7.200265
6.337307 9.130765 6.357413 9.093249 6.368564 9.141675
6.447599 5.331457 6.500017 5.339262 6.481416 5.373612
6.369816 5.406906 6.432307 5.383988 6.432296 5.440060
6.736797 8.683868 6.769304 8.595678 6.800277 8.670349
6.777417 7.255000 6.790411 7.194942 6.843483 7.225278
2.793216 5.388294 2.770509 5.286354 2.872753 5.302358
6.224509 5.012868 6.284058 4.979264 6.297966 5.044829
6.364779 8.002820 6.344448 7.820537 6.512802 7.828432
4.725171 5.339442 4.594447 5.202415 4.733050 5.118891
6.850132 8.702989 6.800700 8.724939 6.800277 8.670349
6.526808 5.845855 6.438585 5.845210 6.510766 5.775400
2.278707 5.055119 2.374534 5.006700 2.390450 5.130309
6.726540 8.773220 6.626368 8.710575 6.736797 8.683868
6.736299 7.210428 6.777417 7.255000 6.717873 7.270682
5.666727 6.270617 5.502040 6.383858 5.478515 6.190228
6.512802 7.828432 6.344448 7.820537 6.448340 7.689647
4.882927 5.748043 4.677769 5.867206 4.650423 5.597683
6.448340 7.689647 6.344448 7.820537 6.265371 7.673322
5.302105 6.383279 5.502040 6.383858 5.435210 6.597209
6.290216 9.112217 6.309824 9.102637 6.298224 9.128594
6.079897 7.695623 5.965223 7.613325 6.062291 7.507180
6.368851 5.142568 6.418586 5.103068 6.411652 5.171001
5.293434 5.376573 5.151000 5.484912 5.102356 5.307989
6.726540 8.773220 6.808521 8.799856 6.780554 8.866481
5.880426 7.024374 5.731776 7.124018 5.686150 6.917388
6.176978 5.137926 6.178823 5.055690 6.239422 5.090463
5.435210 6.597209 5.518674 6.817667 5.304865 6.823000
6.411198 9.106212 6.394647 9.031471 6.470584 9.051899
5.404597 4.732389 5.356010 4.879169 5.232064 4.797855
6.324548 6.117385 6.238860 6.066502 6.316726 5.987684
5.647325 4.274009 5.561078 4.368460 5.478321 4.273878
5.681625 6.480676 5.502040 6.383858 5.666727 6.270617
6.628232 7.094684 6.619781 7.143987 6.590793 7.108950
4.546979 3.940649 4.524650 4.063380 4.431899 3.957421
6.663940 7.151771 6.619781 7.143987 6.647995 7.120265
6.368653 5.203328 6.321629 5.242560 6.316901 5.182177
6.736797 8.683868 6.670263 8.623729 6.769304 8.595678
6.239422 5.090463 6.178823 5.055690 6.224509 5.012868
6.580138 5.795618 6.510766 5.775400 6.584497 5.754954
5.435210 6.597209 5.502040 6.383858 5.681625 6.480676
6.736299 7.210428 6.790411 7.194942 6.777417 7.255000
5.920989 7.789089 5.965223 7.613325 6.079897 7.695623
6.368653 5.203328 6.411652 5.171001 6.415169 5.227832
6.009017 7.355539 5.832556 7.318990 5.935835 7.182201
5.098493 4.029478 5.123199 3.940935 5.197652 3.992747
6.673432 7.115973 6.695689 7.136976 6.663940 7.151771
5.686150 6.917388 5.518674 6.817667 5.692159 6.698597
4.750688 3.970324 4.880806 3.941714 4.844522 4.060454
6.800700 8.724939 6.736797 8.683868 6.800277 8.670349
4.509676 5.379365 4.594447 5.202415 4.725171 5.339442
6.916422 7.236807 6.843483 7.225278 6.905838 7.193825
6.052629 5.677863 5.968696 5.755977 5.925059 5.647470
6.411198 9.106212 6.470584 9.051899 6.474750 9.135458
4.569986 5.023278 4.408341 4.934334 4.543700 4.814690
6.084053 4.354049 6.174965 4.372585 6.104293 4.446961
5.692159 6.698597 5.518674 6.817667 5.435210 6.597209
5.967556 5.884111 5.968696 5.755977 6.076656 5.795306
6.625164 7.060197 6.536040 7.074655 6.594966 7.006245
6.486529 9.294958 6.483138 9.333063 6.442348 9.305631
4.524650 4.063380 4.407757 4.089195 4.431899 3.957421
5.304865 6.823000 5.518674 6.817667 5.474985 7.052144
6.523812 8.108761 6.595495 7.971773 6.700524 8.087958
6.134456 4.290835 6.174965 4.372585 6.084053 4.354049
2.434925 4.886833 2.374534 5.006700 2.267715 4.905349
2.696172 5.344926 2.682846 5.223822 2.770509 5.286354
6.542094 8.992796 6.445394 8.955850 6.509573 8.883294
2.876749 4.846485 2.836735 5.144702 2.659387 5.053629
6.580941 5.548210 6.518387 5.539428 6.572926 5.506904
6.736797 8.683868 6.626368 8.710575 6.670263 8.623729
5.661660 4.700718 5.551046 4.758191 5.536024 4.629896
6.316901 5.182177 6.270628 5.221232 6.251768 5.164471
2.872753 5.302358 3.030210 5.296780 2.940399 5.412167
6.648186 7.269955 6.589224 7.325000 6.586719 7.243203
6.483365 5.645343 6.512229 5.704392 6.453210 5.714516
3.192575 5.528723 3.068369 5.418721 3.180639 5.313018
5.052715 3.927020 5.123199 3.940935 5.098493 4.029478
5.771055 7.463987 5.832556 7.318990 5.913934 7.479542
6.298224 9.128594 6.315731 9.135765 6.303019 9.151760
6.818081 7.545707 6.856879 7.481740 6.907362 7.548153
5.654880 4.851760 5.551046 4.758191 5.661660 4.700718
4.880806 3.941714 4.959848 3.877130 4.966200 3.991036
6.523465 9.304754 6.483138 9.333063 6.486529 9.294958
6.818081 7.545707 6.761761 7.631330 6.688079 7.549869
4.408341 4.934334 4.292187 5.085818 4.234471 4.919507
3.074487 5.118096 3.151867 4.972548 3.337658 5.119475
6.673432 7.115973 6.663940 7.151771 6.647995 7.120265
6.211180 9.038186 6.266379 8.923712 6.300463 9.036570
2.940399 5.412167 3.068369 5.418721 2.998020 5.542919
6.530881 5.302151 6.500017 5.339262 6.480240 5.292271
6.670263 8.623729 6.683651 8.518912 6.769304 8.595678
6.627484 7.200265 6.619781 7.143987 6.663940 7.151771
6.991625 7.565033 6.907362 7.548153 6.964639 7.484086
6.380827 5.332286 6.329945 5.300076 6.372771 5.264945
5.596472 4.051907 5.547467 4.155819 5.520018 4.058505
6.791903 7.153718 6.790411 7.194942 6.753515 7.162617
3.180639 5.313018 3.030210 5.296780 3.074487 5.118096
6.907362 7.548153 6.856879 7.481740 6.964639 7.484086
6.753515 7.162617 6.790411 7.194942 6.736299 7.210428
6.174965 4.372585 6.178435 4.486524 6.104293 4.446961
6.329945 5.300076 6.321629 5.242560 6.372771 5.264945
5.123199 3.940935 5.099062 3.893870 5.166332 3.870798
6.504835 6.636060 6.430526 6.626784 6.506203 6.597570
6.059433 4.259490 6.003751 4.313938 5.967192 4.232382
6.647995 7.120265 6.628232 7.094684 6.657932 7.093595
6.590793 7.108950 6.619781 7.143987 6.563925 7.170531
4.546979 3.940649 4.677301 3.911426 4.631029 4.005598
6.749635 8.935568 6.822467 8.960368 6.764208 9.032387
2.696172 5.344926 2.770509 5.286354 2.793216 5.388294
6.348218 8.840985 6.356110 8.694562 6.500237 8.761037
6.481416 5.373612 6.432307 5.383988 6.447599 5.331457
6.366315 9.182479 6.387916 9.207717 6.361328 9.213947
6.267676 9.098989 6.269575 9.080681 6.290216 9.112217
3.030210 5.296780 3.068369 5.418721 2.940399 5.412167
6.309824 9.102637 6.315731 9.135765 6.298224 9.128594
6.300463 9.036570 6.351020 8.957718 6.394647 9.031471
6.453210 5.714516 6.512229 5.704392 6.510766 5.775400
6.592197 9.385538 6.538394 9.339039 6.600870 9.329003
5.633720 7.308656 5.832556 7.318990 5.771055 7.463987
6.394647 9.031471 6.351020 8.957718 6.445394 8.955850
6.500237 8.761037 6.356110 8.694562 6.512871 8.603105
2.390450 5.130309 2.483813 5.078607 2.464671 5.200256
6.586719 7.243203 6.589224 7.325000 6.513122 7.262364
6.062291 7.507180 5.965223 7.613325 5.913934 7.479542
6.418586 5.103068 6.451424 5.157392 6.411652 5.171001
5.913934 7.479542 5.965223 7.613325 5.815966 7.616558
5.596472 4.051907 5.675355 4.159787 5.547467 4.155819
4.882772 3.809628 4.959848 3.877130 4.880806 3.941714
2.696172 5.344926 2.793216 5.388294 2.716811 5.418341
2.535910 5.378801 2.572887 5.317439 2.563861 5.384732
6.368851 5.142568 6.411652 5.171001 6.368653 5.203328
6.851663 8.743050 6.800700 8.724939 6.850132 8.702989
4.575035 3.830932 4.677301 3.911426 4.546979 3.940649
2.464671 5.200256 2.483813 5.078607 2.570379 5.205271
4.889252 3.793293 4.959848 3.877130 4.882772 3.809628
6.627484 7.200265 6.586719 7.243203 6.563925 7.170531
6.270872 5.283605 6.321629 5.242560 6.329945 5.300076
5.925059 5.647470 6.012296 5.582552 6.052629 5.677863
6.529307 5.631748 6.476911 5.590341 6.518387 5.539428
2.665929 5.408313 2.716811 5.418341 2.667625 5.442375
2.770509 5.286354 2.836735 5.144702 2.872753 5.302358
6.851663 8.743050 6.808521 8.799856 6.800700 8.724939
6.316901 5.182177 6.321629 5.242560 6.270628 5.221232
6.580941 5.548210 6.529307 5.631748 6.518387 5.539428
6.592197 9.385538 6.600870 9.329003 6.615329 9.384341
6.266379 8.923712 6.351020 8.957718 6.300463 9.036570
2.665929 5.408313 2.696172 5.344926 2.716811 5.418341
6.483365 5.645343 6.476911 5.590341 6.529307 5.631748
6.510766 5.775400 6.512229 5.704392 6.584497 5.754954
6.289004 4.409885 6.178435 4.486524 6.174965 4.372585
6.411652 5.171001 6.451424 5.157392 6.448745 5.200916
6.270628 5.221232 6.321629 5.242560 6.270872 5.283605
4.631029 4.005598 4.677301 3.911426 4.750688 3.970324
6.337307 9.130765 6.315731 9.135765 6.309824 9.102637
3.180639 5.313018 3.068369 5.418721 3.030210 5.296780
5.052715 3.927020 5.099062 3.893870 5.123199 3.940935
6.563925 7.170531 6.619781 7.143987 6.627484 7.200265
6.348218 8.840985 6.351020 8.957718 6.266379 8.923712
6.223263 9.063953 6.226837 9.092832 6.220175 9.065563
6.474963 5.100606 6.451424 5.157392 6.418586 5.103068
6.211180 9.038186 6.221249 9.057645 6.218161 9.059390
4.247004 3.937048 4.407757 4.089195 4.320801 4.269011
4.750688 3.970324 4.677301 3.911426 4.882772 3.809628
5.209411 4.125793 5.197652 3.992747 5.351709 4.143179
5.830433 4.109450 5.675355 4.159787 5.596472 4.051907
6.341585 4.648292 6.243122 4.580703 6.289004 4.409885
6.439227 4.895231 6.355575 4.829829 6.394926 4.770357
6.553722 5.405521 6.500017 5.339262 6.530881 5.302151
6.584497 5.754954 6.512229 5.704392 6.529307 5.631748
6.544295 6.050994 6.464381 5.940106 6.526808 5.845855
6.467923 6.990946 6.441643 6.877550 6.594966 7.006245
6.747739 7.087356 6.705099 7.112800 6.680045 7.089566
6.876747 7.088963 6.815995 7.123719 6.792461 7.084052
6.905838 7.193825 6.839851 7.162612 6.876747 7.088963
6.964639 7.484086 6.856879 7.481740 6.836341 7.393909
6.953121 8.210247 6.861430 8.032677 7.024081 7.916560
6.878674 8.579033 6.770477 8.454824 6.891081 8.342623
6.883149 8.891592 6.808521 8.799856 6.851663 8.743050
6.995277 9.381306 6.934791 9.075811 7.023027 9.381306
6.372520 9.334708 6.399729 9.371914 6.369801 9.411245
6.226837 9.092832 6.369801 9.411245 6.276605 9.322763
6.223263 9.063953 6.369801 9.411245 6.226837 9.092832
6.223263 9.063953 6.259753 9.106562 6.263206 9.134005
6.114244 8.763085 6.266379 8.923712 6.211180 9.038186
2.291531 5.194094 2.373753 5.265616 2.305041 5.350201
2.876749 4.846485 2.659387 5.053629 2.434925 4.886833
6.375327 9.287886 6.372520 9.334708 6.343068 9.276189
4.364210 4.728986 4.234471 4.919507 4.075145 4.774163
4.882772 3.809628 4.677301 3.911426 4.575035 3.830932
4.882772 3.809628 4.880806 3.941714 4.750688 3.970324
5.115674 3.736848 5.054000 3.836726 4.889252 3.793293
5.054000 3.836726 4.959848 3.877130 4.889252 3.793293
5.166332 3.870798 5.054000 3.836726 5.115674 3.736848
5.166332 3.870798 5.099062 3.893870 5.054000 3.836726
5.351709 4.143179 5.197652 3.992747 5.223019 3.844117
5.520018 4.058505 5.547467 4.155819 5.351709 4.143179
6.243122 4.580703 6.178435 4.486524 6.289004 4.409885
6.439819 4.993400 6.418586 5.103068 6.365922 5.066559
6.503176 5.211369 6.451424 5.157392 6.474963 5.100606
6.448745 5.200916 6.451424 5.157392 6.503176 5.211369
6.572926 5.506904 6.498826 5.469828 6.553722 5.405521
6.584497 5.754954 6.529307 5.631748 6.580941 5.548210
6.506203 6.597570 6.430498 6.327088 6.593495 6.156896
6.375050 6.563321 6.362930 6.466056 6.506203 6.597570
6.426834 6.691677 6.430526 6.626784 6.504835 6.636060
6.594966 7.006245 6.441643 6.877550 6.512013 6.719771
6.512013 6.719771 6.441643 6.877550 6.419157 6.772894
6.964639 7.484086 6.842897 7.307765 6.916422 7.236807
6.836341 7.393909 6.842897 7.307765 6.964639 7.484086
7.029594 7.864784 6.924688 7.782820 7.007534 7.690018
6.821053 9.268784 6.786579 9.136434 6.934791 9.075811
6.884315 9.375634 6.821053 9.268784 6.995277 9.381306
6.465233 9.396505 6.538394 9.339039 6.592197 9.385538
6.369801 9.411245 6.399729 9.371914 6.465233 9.396505
6.483138 9.333063 6.538394 9.339039 6.465233 9.396505
6.223263 9.063953 6.369801 9.411245 6.369801 9.411245
6.297475 9.420706 6.369801 9.411245 6.299275 9.424489
6.276605 9.322763 6.369801 9.411245 6.297475 9.420706
6.221249 9.057645 6.269575 9.080681 6.223263 9.063953
6.223263 9.063953 6.267676 9.098989 6.259753 9.106562
6.223263 9.063953 6.269575 9.080681 6.267676 9.098989
6.300463 9.036570 6.269575 9.080681 6.221249 9.057645
5.633720 7.308656 5.771055 7.463987 5.635748 7.586643
2.896142 5.635289 3.046420 5.782747 2.912721 5.923692
2.758173 5.492441 2.863040 5.529209 2.825906 5.633946
2.563861 5.384732 2.572887 5.317439 2.665929 5.408313
2.572887 5.317439 2.696172 5.344926 2.665929 5.408313
2.315373 5.385156 2.471823 5.292845 2.535910 5.378801
2.305041 5.350201 2.373753 5.265616 2.315373 5.385156
2.315373 5.385156 2.373753 5.265616 2.471823 5.292845
6.523465 9.304754 6.538394 9.339039 6.483138 9.333063
6.170891 4.576997 6.178435 4.486524 6.243122 4.580703
6.430498 6.327088 6.362930 6.466056 6.322531 6.350673
6.312467 9.222442 6.290567 9.180931 6.310622 9.176975
6.342729 9.231172 6.343068 9.276189 6.312467 9.222442
6.290567 9.180931 6.263206 9.134005 6.286590 9.143306
6.269575 9.080681 6.309824 9.102637 6.290216 9.112217
6.839851 7.162612 6.790411 7.194942 6.791903 7.153718
6.440190 8.286237 6.364779 8.002820 6.523812 8.108761
6.512871 8.603105 6.683651 8.518912 6.670263 8.623729
2.836735 5.144702 3.030210 5.296780 2.872753 5.302358
